0  284.99  734.22  2014.63 1 1
1  284.99  -734.22  2014.63 1 1
2  284.99  734.22  1865.45 1 1
3  284.99  -734.22  1865.45 1 1
4  284.99  734.22  1716.27 1 1
5  284.99  -734.22  1716.27 1 1
6  284.99  734.22  1567.08 1 1
7  284.99  -734.22  1567.08 1 1
8  284.99  734.22  1417.9 1 1
9  284.99  -734.22  1417.9 1 1
10  284.99  734.22  1268.71 1 1
11  284.99  -734.22  1268.71 1 1
12  284.99  734.22  1119.53 1 1
13  284.99  -734.22  1119.53 1 1
14  284.99  734.22  970.346 1 1
15  284.99  -734.22  970.346 1 1
16  284.99  734.22  821.162 1 1
17  284.99  -734.22  821.162 1 1
18  284.99  734.22  671.978 1 1
19  284.99  -734.22  671.978 1 1
20  284.99  734.22  522.794 1 1
21  284.99  -734.22  522.794 1 1
22  284.99  734.22  373.61 1 1
23  284.99  -734.22  373.61 1 1
24  284.99  734.22  224.426 1 1
25  284.99  -734.22  224.426 1 1
26  284.99  734.22  75.242 1 1
27  284.99  -734.22  75.242 1 1
28  209.99  734.22  2014.63 1 1
29  209.99  -734.22  2014.63 1 1
30  209.99  734.22  1865.45 1 1
31  209.99  -734.22  1865.45 1 1
32  209.99  734.22  1716.27 1 1
33  209.99  -734.22  1716.27 1 1
34  209.99  734.22  1567.08 1 1
35  209.99  -734.22  1567.08 1 1
36  209.99  734.22  1417.9 1 1
37  209.99  -734.22  1417.9 1 1
38  209.99  734.22  1268.71 1 1
39  209.99  -734.22  1268.71 1 1
40  209.99  734.22  1119.53 1 1
41  209.99  -734.22  1119.53 1 1
42  209.99  734.22  970.346 1 1
43  209.99  -734.22  970.346 1 1
44  209.99  734.22  821.162 1 1
45  209.99  -734.22  821.162 1 1
46  209.99  734.22  671.978 1 1
47  209.99  -734.22  671.978 1 1
48  209.99  734.22  522.794 1 1
49  209.99  -734.22  522.794 1 1
50  209.99  734.22  373.61 1 1
51  209.99  -734.22  373.61 1 1
52  209.99  734.22  224.426 1 1
53  209.99  -734.22  224.426 1 1
54  209.99  734.22  75.242 1 1
55  209.99  -734.22  75.242 1 1
56  134.99  734.22  2014.63 1 1
57  134.99  -734.22  2014.63 1 1
58  134.99  734.22  1865.45 1 1
59  134.99  -734.22  1865.45 1 1
60  134.99  734.22  1716.27 1 1
61  134.99  -734.22  1716.27 1 1
62  134.99  734.22  1567.08 1 1
63  134.99  -734.22  1567.08 1 1
64  134.99  734.22  1417.9 1 1
65  134.99  -734.22  1417.9 1 1
66  134.99  734.22  1268.71 1 1
67  134.99  -734.22  1268.71 1 1
68  134.99  734.22  1119.53 1 1
69  134.99  -734.22  1119.53 1 1
70  134.99  734.22  970.346 1 1
71  134.99  -734.22  970.346 1 1
72  134.99  734.22  821.162 1 1
73  134.99  -734.22  821.162 1 1
74  134.99  734.22  671.978 1 1
75  134.99  -734.22  671.978 1 1
76  134.99  734.22  522.794 1 1
77  134.99  -734.22  522.794 1 1
78  134.99  734.22  373.61 1 1
79  134.99  -734.22  373.61 1 1
80  134.99  734.22  224.426 1 1
81  134.99  -734.22  224.426 1 1
82  134.99  734.22  75.242 1 1
83  134.99  -734.22  75.242 1 1
84  59.99  734.22  2014.63 1 1
85  59.99  -734.22  2014.63 1 1
86  59.99  734.22  1865.45 1 1
87  59.99  -734.22  1865.45 1 1
88  59.99  734.22  1716.27 1 1
89  59.99  -734.22  1716.27 1 1
90  59.99  734.22  1567.08 1 1
91  59.99  -734.22  1567.08 1 1
92  59.99  734.22  1417.9 1 1
93  59.99  -734.22  1417.9 1 1
94  59.99  734.22  1268.71 1 1
95  59.99  -734.22  1268.71 1 1
96  59.99  734.22  1119.53 1 1
97  59.99  -734.22  1119.53 1 1
98  59.99  734.22  970.346 1 1
99  59.99  -734.22  970.346 1 1
100  59.99  734.22  821.162 1 1
101  59.99  -734.22  821.162 1 1
102  59.99  734.22  671.978 1 1
103  59.99  -734.22  671.978 1 1
104  59.99  734.22  522.794 1 1
105  59.99  -734.22  522.794 1 1
106  59.99  734.22  373.61 1 1
107  59.99  -734.22  373.61 1 1
108  59.99  734.22  224.426 1 1
109  59.99  -734.22  224.426 1 1
110  59.99  734.22  75.242 1 1
111  59.99  -734.22  75.242 1 1
112  -326.5  541.42  2043.31 1 0
113  -326.5  204.14  2043.31 1 0
114  -326.5  -133.14  2043.31 1 0
115  -326.5  -470.42  2043.31 1 0
116  -326.5  384.23  1974.71 1 0
117  -326.5  46.95  1974.71 1 0
118  -326.5  -290.33  1974.71 1 0
119  -326.5  -627.61  1974.71 1 0
120  -326.5  627.61  1905.37 1 0
121  -326.5  290.33  1905.37 1 0
122  -326.5  -46.95  1905.37 1 0
123  -326.5  -384.23  1905.37 1 0
124  -326.5  470.42  1836.78 1 0
125  -326.5  133.14  1836.78 1 0
126  -326.5  -204.14  1836.78 1 0
127  -326.5  -541.42  1836.78 1 0
128  -326.5  541.42  1744.94 1 0
129  -326.5  204.14  1744.94 1 0
130  -326.5  -133.14  1744.94 1 0
131  -326.5  -470.42  1744.94 1 0
132  -326.5  384.23  1676.35 1 0
133  -326.5  46.95  1676.35 1 0
134  -326.5  -290.33  1676.35 1 0
135  -326.5  -627.61  1676.35 1 0
136  -326.5  627.61  1607 1 0
137  -326.5  290.33  1607 1 0
138  -326.5  -46.95  1607 1 0
139  -326.5  -384.23  1607 1 0
140  -326.5  470.42  1538.41 1 0
141  -326.5  133.14  1538.41 1 0
142  -326.5  -204.14  1538.41 1 0
143  -326.5  -541.42  1538.41 1 0
144  -326.5  541.42  1446.57 1 0
145  -326.5  204.14  1446.57 1 0
146  -326.5  -133.14  1446.57 1 0
147  -326.5  -470.42  1446.57 1 0
148  -326.5  384.23  1377.98 1 0
149  -326.5  46.95  1377.98 1 0
150  -326.5  -290.33  1377.98 1 0
151  -326.5  -627.61  1377.98 1 0
152  -326.5  627.61  1308.64 1 0
153  -326.5  290.33  1308.64 1 0
154  -326.5  -46.95  1308.64 1 0
155  -326.5  -384.23  1308.64 1 0
156  -326.5  470.42  1240.04 1 0
157  -326.5  133.14  1240.04 1 0
158  -326.5  -204.14  1240.04 1 0
159  -326.5  -541.42  1240.04 1 0
160  -326.5  541.42  1148.2 1 0
161  -326.5  204.14  1148.2 1 0
162  -326.5  -133.14  1148.2 1 0
163  -326.5  -470.42  1148.2 1 0
164  -326.5  384.23  1079.61 1 0
165  -326.5  46.95  1079.61 1 0
166  -326.5  -290.33  1079.61 1 0
167  -326.5  -627.61  1079.61 1 0
168  -326.5  627.61  1010.27 1 0
169  -326.5  290.33  1010.27 1 0
170  -326.5  -46.95  1010.27 1 0
171  -326.5  -384.23  1010.27 1 0
172  -326.5  470.42  941.675 1 0
173  -326.5  133.14  941.675 1 0
174  -326.5  -204.14  941.675 1 0
175  -326.5  -541.42  941.675 1 0
176  -326.5  541.42  849.833 1 0
177  -326.5  204.14  849.833 1 0
178  -326.5  -133.14  849.833 1 0
179  -326.5  -470.42  849.833 1 0
180  -326.5  384.23  781.241 1 0
181  -326.5  46.95  781.241 1 0
182  -326.5  -290.33  781.241 1 0
183  -326.5  -627.61  781.241 1 0
184  -326.5  627.61  711.899 1 0
185  -326.5  290.33  711.899 1 0
186  -326.5  -46.95  711.899 1 0
187  -326.5  -384.23  711.899 1 0
188  -326.5  470.42  643.307 1 0
189  -326.5  133.14  643.307 1 0
190  -326.5  -204.14  643.307 1 0
191  -326.5  -541.42  643.307 1 0
192  -326.5  541.42  551.465 1 0
193  -326.5  204.14  551.465 1 0
194  -326.5  -133.14  551.465 1 0
195  -326.5  -470.42  551.465 1 0
196  -326.5  384.23  482.873 1 0
197  -326.5  46.95  482.873 1 0
198  -326.5  -290.33  482.873 1 0
199  -326.5  -627.61  482.873 1 0
200  -326.5  627.61  413.531 1 0
201  -326.5  290.33  413.531 1 0
202  -326.5  -46.95  413.531 1 0
203  -326.5  -384.23  413.531 1 0
204  -326.5  470.42  344.939 1 0
205  -326.5  133.14  344.939 1 0
206  -326.5  -204.14  344.939 1 0
207  -326.5  -541.42  344.939 1 0
208  -326.5  541.42  253.097 1 0
209  -326.5  204.14  253.097 1 0
210  -326.5  -133.14  253.097 1 0
211  -326.5  -470.42  253.097 1 0
212  -326.5  384.23  184.505 1 0
213  -326.5  46.95  184.505 1 0
214  -326.5  -290.33  184.505 1 0
215  -326.5  -627.61  184.505 1 0
216  -326.5  627.61  115.163 1 0
217  -326.5  290.33  115.163 1 0
218  -326.5  -46.95  115.163 1 0
219  -326.5  -384.23  115.163 1 0
220  -326.5  470.42  46.571 1 0
221  -326.5  133.14  46.571 1 0
222  -326.5  -204.14  46.571 1 0
223  -326.5  -541.42  46.571 1 0