0  212.415  135.3  472.62
1  -212.415  135.3  472.62
2  212.415  124.7  472.62
3  -212.415  124.7  472.62
4  212.415  5.3  472.62
5  -212.415  5.3  472.62
6  212.415  -5.3  472.62
7  -212.415  -5.3  472.62
8  212.415  -124.7  472.62
9  -212.415  -124.7  472.62
10  212.415  -135.3  472.62
11  -212.415  -135.3  472.62
12  206.465  170  465
13  -206.465  170  465
14  206.465  90  465
15  -206.465  90  465
16  206.465  40  465
17  -206.465  40  465
18  206.465  -40  465
19  -206.465  -40  465
20  206.465  -90  465
21  -206.465  -90  465
22  206.465  -170  465
23  -206.465  -170  465
24  212.415  135.3  457.38
25  -212.415  135.3  457.38
26  212.415  124.7  457.38
27  -212.415  124.7  457.38
28  212.415  5.3  457.38
29  -212.415  5.3  457.38
30  212.415  -5.3  457.38
31  -212.415  -5.3  457.38
32  212.415  -124.7  457.38
33  -212.415  -124.7  457.38
34  212.415  -135.3  457.38
35  -212.415  -135.3  457.38
36  212.415  175.3  442.62
37  -212.415  175.3  442.62
38  212.415  164.7  442.62
39  -212.415  164.7  442.62
40  212.415  95.3  442.62
41  -212.415  95.3  442.62
42  212.415  84.7  442.62
43  -212.415  84.7  442.62
44  212.415  45.3  442.62
45  -212.415  45.3  442.62
46  212.415  34.7  442.62
47  -212.415  34.7  442.62
48  212.415  -34.7  442.62
49  -212.415  -34.7  442.62
50  212.415  -45.3  442.62
51  -212.415  -45.3  442.62
52  212.415  -84.7  442.62
53  -212.415  -84.7  442.62
54  212.415  -95.3  442.62
55  -212.415  -95.3  442.62
56  212.415  -164.7  442.62
57  -212.415  -164.7  442.62
58  212.415  -175.3  442.62
59  -212.415  -175.3  442.62
60  206.465  130  435
61  -206.465  130  435
62  206.465  0  435
63  -206.465  0  435
64  206.465  -130  435
65  -206.465  -130  435
66  212.415  175.3  427.38
67  -212.415  175.3  427.38
68  212.415  164.7  427.38
69  -212.415  164.7  427.38
70  212.415  95.3  427.38
71  -212.415  95.3  427.38
72  212.415  84.7  427.38
73  -212.415  84.7  427.38
74  212.415  45.3  427.38
75  -212.415  45.3  427.38
76  212.415  34.7  427.38
77  -212.415  34.7  427.38
78  212.415  -34.7  427.38
79  -212.415  -34.7  427.38
80  212.415  -45.3  427.38
81  -212.415  -45.3  427.38
82  212.415  -84.7  427.38
83  -212.415  -84.7  427.38
84  212.415  -95.3  427.38
85  -212.415  -95.3  427.38
86  212.415  -164.7  427.38
87  -212.415  -164.7  427.38
88  212.415  -175.3  427.38
89  -212.415  -175.3  427.38
90  212.415  135.3  412.62
91  -212.415  135.3  412.62
92  212.415  124.7  412.62
93  -212.415  124.7  412.62
94  212.415  5.3  412.62
95  -212.415  5.3  412.62
96  212.415  -5.3  412.62
97  -212.415  -5.3  412.62
98  212.415  -124.7  412.62
99  -212.415  -124.7  412.62
100  212.415  -135.3  412.62
101  -212.415  -135.3  412.62
102  206.465  170  405
103  -206.465  170  405
104  206.465  90  405
105  -206.465  90  405
106  206.465  40  405
107  -206.465  40  405
108  206.465  -40  405
109  -206.465  -40  405
110  206.465  -90  405
111  -206.465  -90  405
112  206.465  -170  405
113  -206.465  -170  405
114  212.415  135.3  397.38
115  -212.415  135.3  397.38
116  212.415  124.7  397.38
117  -212.415  124.7  397.38
118  212.415  5.3  397.38
119  -212.415  5.3  397.38
120  212.415  -5.3  397.38
121  -212.415  -5.3  397.38
122  212.415  -124.7  397.38
123  -212.415  -124.7  397.38
124  212.415  -135.3  397.38
125  -212.415  -135.3  397.38
126  206.465  0  375
127  212.415  135.3  352.62
128  -212.415  135.3  352.62
129  212.415  124.7  352.62
130  -212.415  124.7  352.62
131  212.415  5.3  352.62
132  -212.415  5.3  352.62
133  212.415  -5.3  352.62
134  -212.415  -5.3  352.62
135  212.415  -124.7  352.62
136  -212.415  -124.7  352.62
137  212.415  -135.3  352.62
138  -212.415  -135.3  352.62
139  206.465  170  345
140  -206.465  170  345
141  206.465  90  345
142  -206.465  90  345
143  206.465  40  345
144  -206.465  40  345
145  206.465  -40  345
146  -206.465  -40  345
147  206.465  -90  345
148  -206.465  -90  345
149  206.465  -170  345
150  -206.465  -170  345
151  212.415  135.3  337.38
152  -212.415  135.3  337.38
153  212.415  124.7  337.38
154  -212.415  124.7  337.38
155  212.415  5.3  337.38
156  -212.415  5.3  337.38
157  212.415  -5.3  337.38
158  -212.415  -5.3  337.38
159  212.415  -124.7  337.38
160  -212.415  -124.7  337.38
161  212.415  -135.3  337.38
162  -212.415  -135.3  337.38
163  212.415  175.3  322.62
164  -212.415  175.3  322.62
165  212.415  164.7  322.62
166  -212.415  164.7  322.62
167  212.415  95.3  322.62
168  -212.415  95.3  322.62
169  212.415  84.7  322.62
170  -212.415  84.7  322.62
171  212.415  45.3  322.62
172  -212.415  45.3  322.62
173  212.415  34.7  322.62
174  -212.415  34.7  322.62
175  212.415  -34.7  322.62
176  -212.415  -34.7  322.62
177  212.415  -45.3  322.62
178  -212.415  -45.3  322.62
179  212.415  -84.7  322.62
180  -212.415  -84.7  322.62
181  212.415  -95.3  322.62
182  -212.415  -95.3  322.62
183  212.415  -164.7  322.62
184  -212.415  -164.7  322.62
185  212.415  -175.3  322.62
186  -212.415  -175.3  322.62
187  206.465  130  315
188  -206.465  130  315
189  206.465  0  315
190  -206.465  0  315
191  206.465  -130  315
192  -206.465  -130  315
193  212.415  175.3  307.38
194  -212.415  175.3  307.38
195  212.415  164.7  307.38
196  -212.415  164.7  307.38
197  212.415  95.3  307.38
198  -212.415  95.3  307.38
199  212.415  84.7  307.38
200  -212.415  84.7  307.38
201  212.415  45.3  307.38
202  -212.415  45.3  307.38
203  212.415  34.7  307.38
204  -212.415  34.7  307.38
205  212.415  -34.7  307.38
206  -212.415  -34.7  307.38
207  212.415  -45.3  307.38
208  -212.415  -45.3  307.38
209  212.415  -84.7  307.38
210  -212.415  -84.7  307.38
211  212.415  -95.3  307.38
212  -212.415  -95.3  307.38
213  212.415  -164.7  307.38
214  -212.415  -164.7  307.38
215  212.415  -175.3  307.38
216  -212.415  -175.3  307.38
217  212.415  135.3  292.62
218  -212.415  135.3  292.62
219  212.415  124.7  292.62
220  -212.415  124.7  292.62
221  212.415  5.3  292.62
222  -212.415  5.3  292.62
223  212.415  -5.3  292.62
224  -212.415  -5.3  292.62
225  212.415  -124.7  292.62
226  -212.415  -124.7  292.62
227  212.415  -135.3  292.62
228  -212.415  -135.3  292.62
229  206.465  170  285
230  -206.465  170  285
231  206.465  90  285
232  -206.465  90  285
233  206.465  40  285
234  -206.465  40  285
235  206.465  -40  285
236  -206.465  -40  285
237  206.465  -90  285
238  -206.465  -90  285
239  206.465  -170  285
240  -206.465  -170  285
241  212.415  135.3  277.38
242  -212.415  135.3  277.38
243  212.415  124.7  277.38
244  -212.415  124.7  277.38
245  212.415  5.3  277.38
246  -212.415  5.3  277.38
247  212.415  -5.3  277.38
248  -212.415  -5.3  277.38
249  212.415  -124.7  277.38
250  -212.415  -124.7  277.38
251  212.415  -135.3  277.38
252  -212.415  -135.3  277.38
253  206.465  170  250
254  206.465  130  250
255  206.465  90  250
256  206.465  40  250
257  206.465  0  250
258  212.415  135.3  222.62
259  -212.415  135.3  222.62
260  212.415  124.7  222.62
261  -212.415  124.7  222.62
262  212.415  5.3  222.62
263  -212.415  5.3  222.62
264  212.415  -5.3  222.62
265  -212.415  -5.3  222.62
266  212.415  -124.7  222.62
267  -212.415  -124.7  222.62
268  212.415  -135.3  222.62
269  -212.415  -135.3  222.62
270  206.465  170  215
271  -206.465  170  215
272  206.465  90  215
273  -206.465  90  215
274  206.465  40  215
275  -206.465  40  215
276  206.465  -40  215
277  -206.465  -40  215
278  206.465  -90  215
279  -206.465  -90  215
280  206.465  -170  215
281  -206.465  -170  215
282  212.415  135.3  207.38
283  -212.415  135.3  207.38
284  212.415  124.7  207.38
285  -212.415  124.7  207.38
286  212.415  5.3  207.38
287  -212.415  5.3  207.38
288  212.415  -5.3  207.38
289  -212.415  -5.3  207.38
290  212.415  -124.7  207.38
291  -212.415  -124.7  207.38
292  212.415  -135.3  207.38
293  -212.415  -135.3  207.38
294  212.415  175.3  192.62
295  -212.415  175.3  192.62
296  212.415  164.7  192.62
297  -212.415  164.7  192.62
298  212.415  95.3  192.62
299  -212.415  95.3  192.62
300  212.415  84.7  192.62
301  -212.415  84.7  192.62
302  212.415  45.3  192.62
303  -212.415  45.3  192.62
304  212.415  34.7  192.62
305  -212.415  34.7  192.62
306  212.415  -34.7  192.62
307  -212.415  -34.7  192.62
308  212.415  -45.3  192.62
309  -212.415  -45.3  192.62
310  212.415  -84.7  192.62
311  -212.415  -84.7  192.62
312  212.415  -95.3  192.62
313  -212.415  -95.3  192.62
314  212.415  -164.7  192.62
315  -212.415  -164.7  192.62
316  212.415  -175.3  192.62
317  -212.415  -175.3  192.62
318  206.465  130  185
319  -206.465  130  185
320  206.465  0  185
321  -206.465  0  185
322  206.465  -130  185
323  -206.465  -130  185
324  212.415  175.3  177.38
325  -212.415  175.3  177.38
326  212.415  164.7  177.38
327  -212.415  164.7  177.38
328  212.415  95.3  177.38
329  -212.415  95.3  177.38
330  212.415  84.7  177.38
331  -212.415  84.7  177.38
332  212.415  45.3  177.38
333  -212.415  45.3  177.38
334  212.415  34.7  177.38
335  -212.415  34.7  177.38
336  212.415  -34.7  177.38
337  -212.415  -34.7  177.38
338  212.415  -45.3  177.38
339  -212.415  -45.3  177.38
340  212.415  -84.7  177.38
341  -212.415  -84.7  177.38
342  212.415  -95.3  177.38
343  -212.415  -95.3  177.38
344  212.415  -164.7  177.38
345  -212.415  -164.7  177.38
346  212.415  -175.3  177.38
347  -212.415  -175.3  177.38
348  212.415  135.3  162.62
349  -212.415  135.3  162.62
350  212.415  124.7  162.62
351  -212.415  124.7  162.62
352  212.415  5.3  162.62
353  -212.415  5.3  162.62
354  212.415  -5.3  162.62
355  -212.415  -5.3  162.62
356  212.415  -124.7  162.62
357  -212.415  -124.7  162.62
358  212.415  -135.3  162.62
359  -212.415  -135.3  162.62
360  206.465  170  155
361  -206.465  170  155
362  206.465  90  155
363  -206.465  90  155
364  206.465  40  155
365  -206.465  40  155
366  206.465  -40  155
367  -206.465  -40  155
368  206.465  -90  155
369  -206.465  -90  155
370  206.465  -170  155
371  -206.465  -170  155
372  212.415  135.3  147.38
373  -212.415  135.3  147.38
374  212.415  124.7  147.38
375  -212.415  124.7  147.38
376  212.415  5.3  147.38
377  -212.415  5.3  147.38
378  212.415  -5.3  147.38
379  -212.415  -5.3  147.38
380  212.415  -124.7  147.38
381  -212.415  -124.7  147.38
382  212.415  -135.3  147.38
383  -212.415  -135.3  147.38
384  212.415  135.3  102.62
385  -212.415  135.3  102.62
386  212.415  124.7  102.62
387  -212.415  124.7  102.62
388  212.415  5.3  102.62
389  -212.415  5.3  102.62
390  212.415  -5.3  102.62
391  -212.415  -5.3  102.62
392  212.415  -124.7  102.62
393  -212.415  -124.7  102.62
394  212.415  -135.3  102.62
395  -212.415  -135.3  102.62
396  206.465  170  95
397  -206.465  170  95
398  206.465  90  95
399  -206.465  90  95
400  206.465  40  95
401  -206.465  40  95
402  206.465  -40  95
403  -206.465  -40  95
404  206.465  -90  95
405  -206.465  -90  95
406  206.465  -170  95
407  -206.465  -170  95
408  212.415  135.3  87.38
409  -212.415  135.3  87.38
410  212.415  124.7  87.38
411  -212.415  124.7  87.38
412  212.415  5.3  87.38
413  -212.415  5.3  87.38
414  212.415  -5.3  87.38
415  -212.415  -5.3  87.38
416  212.415  -124.7  87.38
417  -212.415  -124.7  87.38
418  212.415  -135.3  87.38
419  -212.415  -135.3  87.38
420  212.415  175.3  72.62
421  -212.415  175.3  72.62
422  212.415  164.7  72.62
423  -212.415  164.7  72.62
424  212.415  95.3  72.62
425  -212.415  95.3  72.62
426  212.415  84.7  72.62
427  -212.415  84.7  72.62
428  212.415  45.3  72.62
429  -212.415  45.3  72.62
430  212.415  34.7  72.62
431  -212.415  34.7  72.62
432  212.415  -34.7  72.62
433  -212.415  -34.7  72.62
434  212.415  -45.3  72.62
435  -212.415  -45.3  72.62
436  212.415  -84.7  72.62
437  -212.415  -84.7  72.62
438  212.415  -95.3  72.62
439  -212.415  -95.3  72.62
440  212.415  -164.7  72.62
441  -212.415  -164.7  72.62
442  212.415  -175.3  72.62
443  -212.415  -175.3  72.62
444  206.465  130  65
445  -206.465  130  65
446  206.465  0  65
447  -206.465  0  65
448  206.465  -130  65
449  -206.465  -130  65
450  212.415  175.3  57.38
451  -212.415  175.3  57.38
452  212.415  164.7  57.38
453  -212.415  164.7  57.38
454  212.415  95.3  57.38
455  -212.415  95.3  57.38
456  212.415  84.7  57.38
457  -212.415  84.7  57.38
458  212.415  45.3  57.38
459  -212.415  45.3  57.38
460  212.415  34.7  57.38
461  -212.415  34.7  57.38
462  212.415  -34.7  57.38
463  -212.415  -34.7  57.38
464  212.415  -45.3  57.38
465  -212.415  -45.3  57.38
466  212.415  -84.7  57.38
467  -212.415  -84.7  57.38
468  212.415  -95.3  57.38
469  -212.415  -95.3  57.38
470  212.415  -164.7  57.38
471  -212.415  -164.7  57.38
472  212.415  -175.3  57.38
473  -212.415  -175.3  57.38
474  212.415  135.3  42.62
475  -212.415  135.3  42.62
476  212.415  124.7  42.62
477  -212.415  124.7  42.62
478  212.415  5.3  42.62
479  -212.415  5.3  42.62
480  212.415  -5.3  42.62
481  -212.415  -5.3  42.62
482  212.415  -124.7  42.62
483  -212.415  -124.7  42.62
484  212.415  -135.3  42.62
485  -212.415  -135.3  42.62
486  206.465  170  35
487  -206.465  170  35
488  206.465  90  35
489  -206.465  90  35
490  206.465  40  35
491  -206.465  40  35
492  206.465  -40  35
493  -206.465  -40  35
494  206.465  -90  35
495  -206.465  -90  35
496  206.465  -170  35
497  -206.465  -170  35
498  212.415  135.3  27.38
499  -212.415  135.3  27.38
500  212.415  124.7  27.38
501  -212.415  124.7  27.38
502  212.415  5.3  27.38
503  -212.415  5.3  27.38
504  212.415  -5.3  27.38
505  -212.415  -5.3  27.38
506  212.415  -124.7  27.38
507  -212.415  -124.7  27.38
508  212.415  -135.3  27.38
509  -212.415  -135.3  27.38
